5,0,63~7,0,63
9,5,296~9,8,296
9,2,274~9,4,274
1,2,160~1,5,160
4,3,318~5,3,318
3,6,193~5,6,193
4,6,252~4,8,252
0,9,143~3,9,143
1,4,2~1,6,2
2,2,9~5,2,9
7,4,135~7,5,135
7,4,278~7,4,279
5,7,322~6,7,322
9,6,347~9,6,349
2,2,64~3,2,64
5,9,248~7,9,248
1,5,271~2,5,271
3,5,183~3,6,183
7,3,9~7,6,9
0,8,95~2,8,95
5,1,140~8,1,140
5,4,15~5,7,15
7,0,16~7,0,16
9,0,25~9,2,25
2,2,311~4,2,311
4,3,165~7,3,165
9,6,3~9,8,3
5,0,334~5,0,335
5,2,323~5,2,324
0,1,131~2,1,131
7,4,201~7,5,201
7,1,46~8,1,46
4,3,151~5,3,151
4,5,199~4,7,199
0,2,13~0,4,13
0,1,97~0,3,97
6,6,354~8,6,354
4,3,233~6,3,233
3,9,187~3,9,189
5,0,271~5,4,271
7,2,334~7,3,334
7,7,81~7,9,81
1,5,116~1,8,116
0,0,11~2,0,11
4,7,306~6,7,306
6,2,218~8,2,218
0,7,62~3,7,62
1,3,146~3,3,146
0,1,253~1,1,253
8,2,17~8,3,17
6,5,109~6,8,109
1,1,33~4,1,33
2,2,26~2,2,28
7,1,315~7,1,316
6,2,295~6,5,295
7,9,72~9,9,72
4,5,119~4,6,119
4,8,279~7,8,279
0,6,113~3,6,113
2,2,234~4,2,234
3,2,96~5,2,96
1,6,64~5,6,64
2,0,346~3,0,346
2,2,174~5,2,174
7,6,107~7,6,108
0,7,29~0,8,29
2,4,349~2,6,349
2,4,67~2,7,67
8,6,328~8,8,328
2,5,296~4,5,296
4,2,190~6,2,190
8,1,104~8,3,104
7,5,300~9,5,300
6,7,65~8,7,65
3,6,242~4,6,242
6,5,307~6,7,307
2,0,279~4,0,279
7,9,270~7,9,272
6,7,10~8,7,10
0,6,93~0,8,93
7,9,154~7,9,155
7,5,42~9,5,42
6,5,294~9,5,294
6,2,326~6,3,326
5,3,349~7,3,349
7,5,128~7,7,128
7,3,82~7,3,84
3,6,216~4,6,216
7,9,151~7,9,152
4,3,306~4,6,306
4,6,102~4,7,102
5,9,27~7,9,27
4,1,350~7,1,350
1,0,188~1,2,188
8,5,239~8,5,241
7,0,67~7,1,67
6,1,102~9,1,102
3,1,26~3,2,26
1,5,15~1,6,15
6,1,58~8,1,58
0,1,301~0,2,301
6,9,265~9,9,265
5,0,352~5,2,352
7,9,313~9,9,313
4,9,88~7,9,88
8,6,339~8,8,339
2,9,13~5,9,13
1,0,14~4,0,14
7,8,75~7,9,75
7,2,170~9,2,170
0,0,139~0,3,139
4,4,267~5,4,267
3,9,81~3,9,81
1,6,188~1,9,188
6,9,268~8,9,268
9,9,315~9,9,315
6,1,150~6,3,150
0,6,90~3,6,90
4,2,186~5,2,186
4,5,216~7,5,216
0,7,65~0,9,65
9,3,130~9,3,132
0,5,246~2,5,246
2,7,207~2,7,209
3,7,135~3,7,136
0,3,136~0,5,136
5,4,203~5,4,205
3,4,334~3,4,335
5,3,75~7,3,75
5,2,309~7,2,309
8,6,3~8,9,3
3,8,218~5,8,218
1,9,226~4,9,226
5,6,371~6,6,371
7,6,298~8,6,298
0,1,21~2,1,21
3,9,1~5,9,1
6,2,209~6,4,209
7,2,110~7,5,110
7,0,15~7,1,15
5,6,337~7,6,337
1,6,68~2,6,68
4,8,166~6,8,166
6,0,327~9,0,327
3,4,365~5,4,365
1,3,109~1,6,109
3,4,279~3,6,279
1,7,67~1,8,67
1,5,29~4,5,29
0,6,210~2,6,210
0,1,37~0,4,37
6,9,63~9,9,63
5,7,12~9,7,12
1,8,325~4,8,325
8,2,334~8,4,334
6,0,220~6,1,220
2,7,275~4,7,275
6,4,122~8,4,122
2,7,113~4,7,113
6,0,125~8,0,125
5,0,3~7,0,3
7,2,326~7,3,326
1,4,107~4,4,107
7,5,139~7,7,139
0,0,134~0,3,134
4,8,319~6,8,319
9,2,83~9,4,83
7,7,133~7,9,133
2,0,255~2,3,255
0,5,34~3,5,34
6,4,154~6,6,154
6,4,277~7,4,277
9,0,165~9,3,165
1,6,42~1,6,44
4,2,22~6,2,22
7,4,93~8,4,93
6,5,170~6,7,170
2,0,189~6,0,189
3,2,240~3,4,240
8,6,206~8,8,206
4,2,181~7,2,181
3,0,293~3,1,293
0,4,276~0,7,276
8,1,187~8,1,189
3,5,57~6,5,57
0,3,329~0,5,329
8,8,48~8,8,50
3,1,125~3,3,125
3,1,260~3,2,260
4,4,14~4,4,17
9,0,233~9,3,233
7,1,298~7,4,298
0,0,299~0,3,299
4,3,35~4,6,35
3,2,193~4,2,193
4,2,344~4,5,344
6,1,55~8,1,55
3,8,72~5,8,72
0,3,296~2,3,296
4,6,98~4,6,99
4,4,66~4,6,66
1,6,204~1,9,204
1,2,257~5,2,257
4,2,116~7,2,116
9,2,306~9,3,306
1,7,129~1,8,129
4,7,84~4,8,84
5,9,90~8,9,90
2,7,43~2,8,43
0,5,69~1,5,69
6,1,303~6,3,303
1,1,334~4,1,334
3,2,92~6,2,92
8,9,65~9,9,65
0,2,279~0,4,279
2,7,278~2,7,279
9,3,84~9,3,85
9,6,164~9,7,164
9,7,209~9,9,209
3,7,368~3,8,368
2,9,140~4,9,140
1,7,236~3,7,236
0,0,255~0,2,255
6,9,60~8,9,60
7,8,108~8,8,108
1,1,186~3,1,186
5,3,265~5,5,265
7,3,108~7,5,108
5,7,222~8,7,222
4,4,240~4,5,240
4,0,18~5,0,18
3,9,229~3,9,230
1,0,19~3,0,19
5,3,262~5,5,262
4,3,347~4,5,347
7,3,162~9,3,162
3,1,326~5,1,326
9,4,235~9,6,235
7,2,157~8,2,157
3,9,190~3,9,191
4,0,238~6,0,238
2,4,116~4,4,116
0,7,236~0,9,236
0,1,198~1,1,198
4,4,358~4,6,358
4,5,203~4,8,203
1,6,150~2,6,150
8,8,66~9,8,66
5,8,237~8,8,237
4,1,243~4,3,243
6,6,114~7,6,114
3,0,190~3,0,193
5,1,234~8,1,234
1,1,341~4,1,341
7,9,93~7,9,94
2,6,302~3,6,302
0,9,125~2,9,125
5,6,314~5,7,314
3,2,300~3,4,300
8,0,108~9,0,108
7,3,90~7,7,90
6,0,186~7,0,186
2,4,123~4,4,123
2,5,235~2,8,235
8,7,69~8,9,69
3,2,221~3,5,221
6,0,132~8,0,132
2,8,119~2,9,119
3,3,97~3,3,98
0,2,230~0,4,230
3,3,133~3,5,133
3,3,136~5,3,136
6,8,201~8,8,201
0,1,126~2,1,126
2,3,18~2,4,18
1,3,203~3,3,203
4,1,278~4,3,278
0,7,145~0,9,145
8,5,132~9,5,132
2,4,76~2,4,78
7,6,225~7,7,225
3,2,339~3,5,339
5,0,12~7,0,12
1,5,43~1,5,45
7,8,308~9,8,308
1,8,74~1,8,77
6,9,330~9,9,330
6,7,123~6,9,123
0,2,104~0,3,104
2,2,2~2,3,2
9,2,30~9,4,30
0,0,157~0,0,159
8,7,137~9,7,137
3,4,298~3,6,298
5,4,185~5,6,185
5,1,10~7,1,10
0,3,128~0,6,128
7,5,28~7,7,28
8,7,203~8,9,203
8,3,106~8,5,106
0,3,320~1,3,320
4,2,113~4,4,113
5,0,314~8,0,314
4,8,304~7,8,304
2,6,236~3,6,236
5,4,94~5,6,94
8,6,90~8,8,90
6,6,234~8,6,234
2,5,377~4,5,377
0,5,77~0,7,77
3,8,129~3,9,129
3,6,84~6,6,84
3,4,299~3,6,299
3,6,18~5,6,18
8,1,212~8,3,212
9,5,91~9,7,91
2,4,125~2,6,125
5,3,235~7,3,235
6,7,308~8,7,308
6,4,157~6,6,157
2,3,36~4,3,36
4,7,75~4,9,75
2,1,24~2,1,26
0,5,331~0,7,331
7,5,45~7,8,45
2,5,19~4,5,19
8,1,30~8,4,30
0,4,228~2,4,228
5,5,116~5,6,116
2,9,14~5,9,14
5,0,263~5,1,263
2,2,15~2,5,15
8,5,87~8,6,87
4,4,138~4,6,138
1,5,340~1,8,340
5,7,342~8,7,342
6,6,351~6,8,351
5,8,233~7,8,233
2,7,238~2,7,239
2,5,94~2,7,94
0,6,248~0,8,248
5,5,135~6,5,135
4,0,268~4,2,268
7,2,269~9,2,269
6,0,313~6,3,313
0,1,39~0,1,40
6,0,134~8,0,134
2,8,20~3,8,20
2,5,276~2,7,276
0,2,4~2,2,4
5,4,67~5,7,67
3,1,350~3,3,350
0,6,334~0,9,334
2,9,188~2,9,188
0,6,311~0,9,311
3,1,2~4,1,2
1,6,290~1,8,290
3,4,69~5,4,69
3,5,344~3,7,344
3,8,178~5,8,178
5,4,174~7,4,174
3,3,311~3,6,311
8,9,151~9,9,151
9,1,279~9,1,281
9,1,188~9,2,188
0,1,250~0,4,250
9,4,17~9,5,17
8,6,5~8,6,7
4,6,134~4,8,134
3,1,235~3,2,235
1,7,38~1,7,38
3,5,22~3,7,22
4,6,113~4,6,116
5,6,339~6,6,339
9,5,338~9,8,338
7,7,264~7,8,264
4,7,98~4,9,98
2,5,61~2,7,61
4,6,191~5,6,191
3,3,99~4,3,99
6,1,193~8,1,193
1,1,3~1,1,5
5,1,259~5,3,259
1,6,37~5,6,37
7,6,58~7,9,58
2,6,85~2,6,87
0,4,178~0,5,178
0,1,160~3,1,160
3,1,28~4,1,28
1,2,222~4,2,222
4,6,372~6,6,372
2,5,288~2,5,289
3,0,295~3,0,296
2,0,133~4,0,133
4,7,317~4,9,317
5,9,240~7,9,240
3,4,305~3,6,305
4,3,277~4,5,277
7,9,237~8,9,237
4,7,33~7,7,33
0,4,281~0,4,281
4,5,167~6,5,167
6,2,15~8,2,15
5,1,169~5,4,169
3,3,261~4,3,261
3,1,215~5,1,215
3,2,270~3,2,272
2,2,342~4,2,342
5,1,226~5,2,226
7,6,254~8,6,254
8,0,53~8,2,53
6,1,325~7,1,325
7,1,307~7,5,307
2,1,227~2,4,227
9,1,277~9,4,277
3,9,33~5,9,33
2,6,59~4,6,59
8,6,336~9,6,336
4,1,270~4,2,270
7,0,5~9,0,5
1,1,27~1,3,27
6,7,125~6,7,128
6,2,271~8,2,271
1,0,197~1,1,197
0,6,3~0,9,3
9,6,23~9,7,23
8,5,337~8,8,337
0,1,200~0,1,202
2,3,378~2,6,378
3,4,230~3,7,230
4,2,366~4,4,366
3,6,354~3,8,354
6,6,131~8,6,131
4,0,182~4,3,182
4,2,310~6,2,310
1,2,67~1,4,67
5,0,43~5,3,43
5,1,137~8,1,137
2,4,157~2,4,158
2,0,110~2,3,110
7,4,366~7,4,368
5,0,59~7,0,59
3,0,183~6,0,183
0,4,284~0,6,284
6,4,348~6,7,348
0,5,33~3,5,33
5,5,76~5,8,76
3,2,41~3,4,41
5,0,318~7,0,318
8,1,335~8,3,335
9,2,19~9,5,19
3,1,149~4,1,149
5,9,96~8,9,96
8,9,153~9,9,153
7,1,100~9,1,100
3,5,276~6,5,276
1,5,305~1,5,306
5,7,317~5,7,319
7,5,142~7,7,142
2,2,14~4,2,14
5,4,331~5,5,331
2,0,9~2,1,9
4,6,27~7,6,27
9,4,86~9,5,86
3,9,103~3,9,106
3,8,355~5,8,355
4,7,21~4,7,22
7,4,297~7,7,297
7,2,163~7,2,164
4,4,307~4,6,307
3,4,59~5,4,59
4,3,94~4,6,94
1,5,73~1,8,73
5,2,69~6,2,69
5,0,239~7,0,239
9,7,25~9,9,25
4,3,208~4,5,208
2,4,43~2,5,43
6,7,91~6,9,91
4,4,362~6,4,362
6,2,129~6,5,129
0,9,333~2,9,333
3,6,367~3,8,367
1,0,32~1,1,32
1,5,153~1,7,153
0,9,9~2,9,9
7,8,242~9,8,242
8,8,329~8,9,329
4,0,329~5,0,329
8,3,163~8,5,163
8,0,277~8,2,277
5,0,315~5,1,315
1,0,272~1,0,274
0,1,50~0,3,50
5,6,226~5,6,227
6,5,273~8,5,273
0,8,7~2,8,7
4,7,300~7,7,300
9,2,275~9,4,275
3,2,185~3,2,187
7,3,226~9,3,226
2,1,128~4,1,128
8,2,228~8,4,228
5,0,277~7,0,277
6,3,148~6,5,148
3,7,78~6,7,78
1,7,23~3,7,23
8,5,133~9,5,133
2,4,264~3,4,264
2,9,89~4,9,89
6,0,11~8,0,11
3,7,103~5,7,103
8,1,131~8,3,131
9,4,84~9,7,84
8,2,217~8,4,217
8,9,246~9,9,246
6,5,165~6,8,165
9,2,356~9,5,356
6,2,95~9,2,95
3,1,244~4,1,244
2,5,237~4,5,237
7,7,17~7,8,17
2,3,129~5,3,129
2,3,225~2,5,225
5,9,106~5,9,107
6,9,106~8,9,106
4,8,322~7,8,322
0,0,48~0,3,48
3,2,284~3,4,284
1,2,346~1,5,346
1,5,179~4,5,179
6,3,351~6,3,353
3,6,134~3,7,134
7,5,106~7,8,106
7,5,276~9,5,276
1,7,113~1,8,113
2,4,130~2,7,130
1,4,266~1,7,266
4,4,225~5,4,225
7,5,62~7,8,62
0,0,340~0,1,340
4,6,104~4,9,104
3,6,315~3,8,315
0,0,52~0,1,52
2,4,231~2,6,231
6,6,253~6,8,253
0,2,102~2,2,102
0,2,294~0,4,294
3,4,5~3,7,5
3,1,191~5,1,191
3,6,289~3,7,289
9,3,228~9,5,228
4,5,160~5,5,160
1,0,135~1,3,135
1,6,327~1,7,327
8,6,331~8,7,331
4,1,262~6,1,262
0,8,69~2,8,69
8,1,44~8,3,44
2,3,48~2,4,48
5,2,65~5,2,66
4,6,251~7,6,251
0,5,177~0,8,177
8,4,34~8,6,34
6,9,23~9,9,23
3,3,84~5,3,84
9,5,246~9,7,246
7,3,370~7,6,370
5,0,20~9,0,20
0,3,120~0,4,120
7,2,154~7,4,154
6,7,80~8,7,80
5,3,325~5,5,325
6,0,324~7,0,324
6,3,90~6,5,90
0,0,68~0,0,70
3,2,195~3,4,195
5,6,11~7,6,11
2,6,304~2,7,304
2,0,103~2,2,103
2,6,56~4,6,56
0,4,144~0,6,144
8,0,316~9,0,316
4,2,321~4,2,324
5,7,120~8,7,120
4,0,235~4,2,235
5,2,119~6,2,119
0,5,298~0,7,298
3,4,66~3,7,66
7,5,143~9,5,143
5,3,167~5,3,168
0,6,66~0,8,66
4,7,358~4,8,358
6,2,133~7,2,133
0,1,338~2,1,338
2,3,120~2,4,120
8,5,231~9,5,231
4,9,134~6,9,134
1,6,155~1,9,155
4,4,230~5,4,230
2,5,381~2,6,381
5,4,52~5,7,52
9,4,88~9,6,88
3,4,200~3,7,200
4,6,334~7,6,334
0,9,308~2,9,308
0,3,283~2,3,283
9,6,208~9,6,211
5,6,87~5,9,87
5,7,36~8,7,36
8,6,136~8,9,136
3,6,351~3,7,351
7,5,75~7,5,77
3,0,327~5,0,327
3,5,248~4,5,248
3,8,240~3,8,242
7,7,5~7,8,5
0,2,94~3,2,94
0,7,180~0,7,182
1,2,131~3,2,131
7,1,47~7,2,47
5,3,348~7,3,348
1,5,186~4,5,186
5,3,315~7,3,315
1,7,179~1,7,180
0,3,232~1,3,232
5,5,199~5,7,199
7,4,46~7,6,46
6,2,171~6,2,173
2,3,149~2,6,149
0,8,134~3,8,134
5,7,55~8,7,55
0,3,114~0,4,114
0,6,326~3,6,326
6,1,191~8,1,191
8,7,123~8,8,123
3,0,343~3,2,343
1,8,88~3,8,88
0,2,11~2,2,11
9,6,325~9,8,325
1,2,300~1,5,300
4,0,118~4,1,118
0,5,140~0,5,141
0,7,34~1,7,34
6,4,151~8,4,151
5,8,324~5,8,324
2,0,88~3,0,88
5,6,195~7,6,195
5,0,46~5,3,46
7,2,266~7,3,266
4,3,40~4,5,40
8,3,166~8,4,166
6,3,269~7,3,269
5,9,318~8,9,318
5,1,42~5,3,42
6,1,152~6,1,154
4,4,280~4,4,282
4,6,363~6,6,363
7,4,233~9,4,233
1,2,63~5,2,63
0,4,122~0,6,122
8,4,325~8,5,325
5,2,318~5,2,321
3,9,313~5,9,313
9,6,15~9,6,18
5,0,136~5,0,138
9,6,247~9,7,247
4,1,14~6,1,14
8,1,229~8,2,229
1,3,235~3,3,235
5,4,68~7,4,68
0,4,14~1,4,14
3,4,234~3,5,234
5,3,4~6,3,4
5,7,226~5,7,228
7,3,230~7,5,230
4,1,120~4,2,120
3,2,348~3,4,348
1,2,180~3,2,180
1,1,42~1,3,42
3,5,182~4,5,182
1,5,303~1,5,304
6,1,347~6,4,347
0,1,128~0,2,128
5,3,201~5,4,201
7,5,74~8,5,74
2,3,282~4,3,282
2,3,257~2,5,257
0,7,214~0,9,214
0,4,322~0,6,322
3,0,159~5,0,159
9,2,45~9,5,45
6,2,44~6,5,44
8,7,311~8,9,311
3,1,353~3,1,355
4,8,236~6,8,236
1,5,92~1,7,92
8,1,337~8,3,337
5,3,130~5,5,130
9,0,26~9,1,26
0,7,319~1,7,319
2,4,117~2,5,117
0,2,131~0,4,131
6,1,218~8,1,218
3,2,12~5,2,12
9,3,304~9,6,304
3,1,202~5,1,202
2,7,3~3,7,3
4,3,13~4,6,13
6,7,3~6,8,3
5,5,126~7,5,126
5,9,24~8,9,24
4,4,61~6,4,61
1,1,327~4,1,327
5,2,316~6,2,316
3,8,17~3,9,17
3,7,305~5,7,305
2,0,20~4,0,20
1,6,115~1,9,115
0,6,207~0,9,207
0,1,32~0,1,34
9,7,309~9,9,309
2,1,17~5,1,17
0,2,326~0,4,326
4,2,345~4,2,347
0,1,292~0,3,292
5,1,214~7,1,214
6,0,304~8,0,304
6,2,320~7,2,320
5,3,200~8,3,200
9,4,3~9,4,6
3,0,274~5,0,274
3,5,79~5,5,79
1,3,40~1,6,40
7,8,2~7,9,2
3,4,126~3,4,126
8,4,94~8,6,94
0,7,64~3,7,64
2,1,317~2,3,317
0,7,313~0,7,315
8,3,83~8,4,83
4,9,138~6,9,138
6,6,289~8,6,289
5,4,330~5,6,330
6,2,319~6,4,319
1,9,141~4,9,141
9,6,323~9,8,323
2,0,127~2,2,127
0,7,208~0,7,211
1,3,230~3,3,230
2,9,321~3,9,321
1,2,187~1,5,187
2,9,229~2,9,232
1,6,205~2,6,205
8,7,83~8,9,83
5,7,25~5,8,25
5,1,97~5,2,97
3,2,188~5,2,188
6,0,50~8,0,50
4,2,19~4,4,19
5,7,136~5,7,139
4,1,301~7,1,301
4,1,60~4,2,60
6,2,241~8,2,241
4,5,206~4,6,206
6,0,128~9,0,128
0,5,70~0,5,72
3,4,288~3,4,289
1,3,143~1,6,143
5,7,104~5,8,104
0,9,124~3,9,124
5,9,234~7,9,234
2,6,155~2,8,155
6,2,183~7,2,183
1,9,186~3,9,186
0,7,205~2,7,205
6,2,314~6,4,314
7,4,316~7,6,316
8,1,215~8,3,215
2,8,279~2,8,282
0,3,121~2,3,121
2,6,151~2,8,151
8,4,72~8,7,72
5,1,34~5,4,34
5,0,269~5,3,269
7,1,170~9,1,170
4,6,97~4,9,97
7,4,176~7,4,177
1,2,157~1,4,157
6,2,28~6,4,28
4,7,303~4,9,303
2,7,348~2,7,349
0,3,318~0,5,318
7,3,128~9,3,128
7,4,73~7,7,73
2,9,305~4,9,305
8,3,45~8,5,45
9,0,54~9,0,57
5,5,159~9,5,159
4,4,72~4,4,72
2,1,157~2,3,157
2,2,192~2,4,192
3,3,198~6,3,198
6,6,31~8,6,31
0,4,127~0,5,127
6,0,9~6,2,9
1,0,348~1,2,348
5,6,134~5,8,134
9,2,78~9,2,80
3,1,292~5,1,292
4,5,188~7,5,188
1,5,228~1,7,228
5,8,199~7,8,199
2,0,153~4,0,153
1,6,151~1,8,151
6,3,134~6,7,134
6,8,260~9,8,260
1,3,120~1,4,120
4,8,237~4,8,240
1,4,263~3,4,263
4,2,98~6,2,98
1,4,245~1,7,245
1,9,319~4,9,319
6,2,231~7,2,231
2,1,314~2,3,314
1,4,338~1,5,338
6,4,237~8,4,237
4,2,57~4,4,57
0,7,32~0,9,32
7,3,209~9,3,209
5,4,95~7,4,95
1,3,133~1,5,133
5,4,327~6,4,327
3,3,349~4,3,349
5,0,135~5,2,135
7,8,347~9,8,347
6,0,133~9,0,133
3,8,105~5,8,105
8,4,291~8,6,291
5,1,183~5,4,183
6,1,5~6,4,5
6,9,249~7,9,249
4,5,217~4,8,217
3,3,38~5,3,38
2,6,308~2,8,308
9,6,55~9,6,57
5,5,219~5,7,219
8,2,126~8,4,126
5,7,143~8,7,143
9,8,69~9,8,69
8,7,81~9,7,81
3,0,265~5,0,265
8,5,108~8,5,111
4,4,118~6,4,118
0,0,301~0,0,303
3,7,187~6,7,187
5,0,126~8,0,126
1,0,80~1,2,80
2,9,315~5,9,315
7,4,306~9,4,306
9,3,53~9,6,53
6,4,142~6,6,142
5,3,350~5,3,350
3,3,7~5,3,7
1,4,242~3,4,242
6,2,175~6,2,177
8,4,348~9,4,348
1,2,25~4,2,25
5,9,103~6,9,103
2,7,355~4,7,355
9,7,139~9,8,139
2,3,260~2,6,260
2,8,277~5,8,277
3,5,246~4,5,246
0,8,313~0,8,316
6,6,227~6,9,227
5,3,236~6,3,236
2,1,6~2,3,6
3,4,9~6,4,9
2,4,110~2,6,110
6,7,225~6,9,225
1,9,100~4,9,100
4,1,11~7,1,11
7,7,198~8,7,198
5,1,280~8,1,280
4,1,83~4,3,83
5,0,53~7,0,53
1,1,337~2,1,337
0,0,152~0,3,152
9,1,272~9,3,272
6,0,322~7,0,322
1,0,260~1,3,260
1,0,269~3,0,269
3,4,231~3,5,231
5,3,78~8,3,78
6,8,63~8,8,63
5,3,263~7,3,263
6,2,96~9,2,96
0,7,227~3,7,227
6,8,356~9,8,356
7,0,121~7,3,121
5,3,154~5,3,156
6,6,333~8,6,333
7,2,186~9,2,186
5,6,324~8,6,324
6,0,321~6,2,321
5,4,74~5,4,76
6,9,232~8,9,232
8,6,56~8,9,56
2,5,366~2,8,366
6,0,49~6,3,49
9,7,22~9,9,22
0,5,332~0,5,333
3,1,330~3,5,330
6,6,320~9,6,320
7,4,132~7,7,132
2,3,152~2,5,152
9,2,187~9,3,187
3,5,263~5,5,263
4,6,123~4,7,123
5,0,330~5,0,332
7,4,209~7,6,209
7,9,149~9,9,149
1,7,224~1,9,224
1,8,284~3,8,284
8,2,237~8,2,239
8,4,129~8,6,129
6,4,171~8,4,171
2,3,256~4,3,256
0,2,47~1,2,47
6,0,6~6,0,7
1,5,211~1,6,211
4,0,88~4,2,88
7,2,319~7,5,319
5,7,182~8,7,182
2,5,77~2,5,79
1,5,66~1,8,66
2,1,188~5,1,188
6,3,202~6,5,202
8,2,167~8,4,167
2,2,173~4,2,173
5,3,329~6,3,329
4,1,265~4,1,267
7,8,247~9,8,247
4,3,284~7,3,284
6,0,60~6,2,60
3,7,311~5,7,311
7,1,217~9,1,217
0,8,125~1,8,125
4,4,10~4,6,10
7,3,92~7,5,92
6,9,320~6,9,322
4,5,122~4,6,122
2,3,113~2,3,115
1,6,248~5,6,248
6,3,119~6,4,119
0,1,289~3,1,289
8,1,99~8,2,99
6,1,287~6,4,287
4,5,82~4,7,82
2,6,46~4,6,46
7,4,218~8,4,218
3,1,63~5,1,63
9,4,344~9,6,344
5,0,267~8,0,267
9,3,1~9,3,3
0,0,17~2,0,17
7,0,302~7,2,302
2,2,170~4,2,170
5,8,47~8,8,47
3,4,3~3,6,3
6,2,52~7,2,52
5,1,267~5,3,267
3,0,113~3,2,113
1,6,10~1,6,12
2,4,218~4,4,218
6,1,63~8,1,63
4,0,319~4,3,319
3,9,132~4,9,132
3,0,268~3,2,268
2,1,190~2,3,190
4,0,241~6,0,241
1,9,11~4,9,11
3,2,90~6,2,90
7,6,123~7,6,125
6,1,230~6,4,230
2,2,352~2,4,352
4,5,4~4,8,4
3,4,303~4,4,303
3,6,309~3,9,309
3,8,7~5,8,7
3,0,156~3,3,156
3,8,168~5,8,168
5,9,4~7,9,4
7,4,346~9,4,346
4,4,24~7,4,24
2,9,358~2,9,362
3,4,274~3,8,274
3,1,183~3,3,183
1,4,350~3,4,350
5,0,100~5,1,100
9,4,14~9,6,14
1,6,202~4,6,202
0,9,79~2,9,79
4,8,129~7,8,129
3,1,331~3,4,331
0,0,118~1,0,118
2,6,43~4,6,43
9,3,353~9,5,353
4,1,133~4,3,133
3,7,358~3,9,358
1,9,181~3,9,181
5,5,111~5,8,111
9,2,172~9,5,172
1,8,245~3,8,245
7,9,98~9,9,98
5,2,67~7,2,67
8,1,274~8,3,274
7,2,160~7,3,160
6,2,131~6,3,131
7,2,12~7,4,12
2,6,23~2,6,25
8,2,236~8,5,236
6,7,258~6,7,260
3,6,162~6,6,162
4,3,110~4,7,110
3,2,178~3,5,178
3,9,102~5,9,102
0,3,150~4,3,150
2,9,18~3,9,18
9,0,168~9,2,168
1,2,345~3,2,345
0,3,107~2,3,107
0,9,6~1,9,6
0,6,91~3,6,91
7,0,4~8,0,4
2,3,71~2,6,71
1,0,277~1,2,277
9,7,245~9,9,245
9,4,204~9,7,204
1,7,36~1,9,36
1,1,294~2,1,294
3,0,147~3,4,147
2,0,134~5,0,134
6,0,243~6,0,244
8,7,110~8,9,110
1,2,259~1,5,259
5,1,274~5,4,274
4,8,1~4,8,2
7,4,257~7,6,257
6,1,323~6,3,323
9,2,24~9,6,24
1,9,91~3,9,91
7,3,222~8,3,222
0,6,96~0,6,97
5,7,256~7,7,256
1,7,232~3,7,232
8,3,321~9,3,321
5,2,286~5,4,286
3,5,239~3,8,239
4,7,321~6,7,321
8,5,38~8,5,40
3,6,356~4,6,356
3,8,23~5,8,23
3,3,263~4,3,263
6,6,366~6,6,368
4,3,80~8,3,80
8,9,138~8,9,139
9,2,345~9,6,345
4,1,303~5,1,303
0,2,177~3,2,177
9,3,351~9,5,351
1,9,94~3,9,94
8,8,141~8,9,141
2,3,77~3,3,77
4,4,360~4,6,360
0,6,277~0,8,277
0,1,295~0,2,295
2,9,228~4,9,228
0,2,304~0,6,304
5,9,236~6,9,236
4,3,37~5,3,37
7,6,210~7,6,212
0,7,80~3,7,80
6,4,363~7,4,363
0,8,287~1,8,287
5,6,375~5,8,375
5,7,268~7,7,268
3,6,286~6,6,286
4,0,115~4,3,115
5,5,223~5,7,223
1,5,292~1,6,292
8,0,323~8,2,323
1,3,297~1,3,297
7,3,274~7,5,274
5,5,196~5,8,196
7,4,60~7,7,60
1,9,117~3,9,117
0,3,186~3,3,186
3,6,198~5,6,198
5,7,353~7,7,353
1,6,114~3,6,114
4,2,369~6,2,369
6,4,198~7,4,198
2,0,193~2,1,193
4,9,310~5,9,310
5,3,317~7,3,317
7,9,28~9,9,28
6,6,321~9,6,321
1,1,329~1,4,329
1,3,95~4,3,95
5,9,181~5,9,182
3,1,67~4,1,67
6,6,322~7,6,322
2,6,357~2,9,357
9,6,94~9,6,95
1,7,267~1,9,267
0,7,290~0,8,290
6,0,328~7,0,328
6,5,324~8,5,324
8,3,86~8,5,86
7,6,76~7,6,78
9,3,16~9,5,16
3,1,91~5,1,91
1,1,190~1,1,190
7,4,232~9,4,232
3,0,21~3,0,22
4,3,87~7,3,87
2,5,32~5,5,32
7,5,122~7,7,122
5,4,227~7,4,227
2,2,85~4,2,85
1,5,287~3,5,287
6,0,103~6,2,103
0,0,137~0,3,137
7,2,101~9,2,101
2,2,130~5,2,130
5,1,278~7,1,278
2,9,78~4,9,78
7,6,214~8,6,214
2,6,138~2,6,140
3,5,195~3,8,195
1,7,295~1,9,295
9,2,77~9,4,77
9,6,50~9,7,50
6,3,76~9,3,76
5,3,172~7,3,172
7,3,223~9,3,223
7,4,310~9,4,310
0,9,68~2,9,68
5,6,73~5,7,73
8,5,327~8,6,327
5,9,32~7,9,32
3,3,228~3,5,228
4,5,253~4,8,253
7,1,64~8,1,64
3,4,125~5,4,125
0,4,235~0,7,235
2,3,127~2,5,127
6,4,25~6,4,27
1,7,219~1,7,222
5,6,129~6,6,129
4,5,18~7,5,18
0,5,74~0,7,74
0,4,320~2,4,320
4,0,272~6,0,272
4,3,215~4,6,215
0,6,137~3,6,137
0,1,155~0,2,155
0,7,216~1,7,216
5,5,127~5,7,127
5,3,321~5,6,321
8,2,322~9,2,322
0,3,109~0,6,109
5,0,2~5,0,2
7,8,344~8,8,344
1,5,111~1,7,111
3,2,196~5,2,196
6,6,137~7,6,137
1,6,328~1,7,328
0,3,153~1,3,153
0,3,36~0,6,36
0,5,124~0,8,124
1,8,127~4,8,127
6,7,238~7,7,238
6,5,31~8,5,31
5,1,314~8,1,314
6,4,93~6,4,94
8,4,221~8,5,221
4,7,111~4,8,111
0,2,231~2,2,231
7,8,236~9,8,236
2,3,155~2,5,155
3,4,225~3,6,225
5,3,3~7,3,3
4,4,6~4,6,6
4,7,20~6,7,20
7,7,147~7,9,147
1,2,43~1,2,45
6,1,235~7,1,235
7,0,124~7,3,124
5,6,113~5,8,113
7,9,247~9,9,247
5,3,41~8,3,41
6,4,71~7,4,71
3,2,104~3,4,104
9,4,28~9,6,28
7,6,345~7,7,345
7,2,27~7,4,27
7,2,29~8,2,29
9,5,161~9,7,161
0,9,227~2,9,227
2,2,285~2,4,285
9,5,236~9,7,236
4,6,376~4,9,376
5,7,31~5,9,31
0,1,30~4,1,30
9,5,138~9,8,138
4,1,344~6,1,344
3,6,24~6,6,24
2,5,20~2,7,20
6,3,204~6,4,204
5,1,19~7,1,19
0,1,70~3,1,70
4,1,135~4,5,135
1,5,8~1,8,8
4,0,121~5,0,121
7,4,197~7,7,197
7,1,119~7,4,119
2,6,295~4,6,295
6,5,37~8,5,37
0,5,273~3,5,273
6,1,237~6,1,241
0,0,16~0,3,16
3,4,1~3,6,1
1,1,78~1,3,78
6,9,142~8,9,142
3,4,340~3,6,340
4,2,223~4,4,223
4,2,28~4,5,28
4,4,53~4,7,53
1,4,282~3,4,282
3,6,188~5,6,188
3,1,66~5,1,66
2,3,195~2,4,195
3,1,200~3,3,200
5,6,135~5,8,135
8,5,343~8,8,343
3,5,333~3,5,333
7,7,201~9,7,201
9,2,312~9,5,312
7,4,13~9,4,13
7,2,318~7,4,318
5,5,119~5,7,119
6,4,169~8,4,169
2,6,7~3,6,7
4,3,1~7,3,1
1,6,131~1,8,131
5,3,119~5,4,119
7,3,6~7,6,6
1,4,337~3,4,337
5,7,179~5,9,179
0,5,4~0,8,4
6,2,122~6,3,122
6,2,185~6,2,186
2,5,345~2,7,345
5,2,27~5,4,27
6,2,45~6,4,45
7,5,326~7,8,326
5,1,184~8,1,184
3,7,292~3,9,292
5,7,106~5,7,107
4,3,257~4,3,259
2,7,85~2,8,85
5,4,145~8,4,145
0,0,66~1,0,66
0,5,300~0,6,300
4,3,226~5,3,226
5,6,70~5,8,70
5,4,324~7,4,324
1,0,115~3,0,115
0,3,253~2,3,253
1,7,68~1,7,71
6,5,172~6,8,172
4,2,238~4,2,240
5,8,305~8,8,305
1,1,191~1,1,194
8,7,225~9,7,225
1,1,112~3,1,112
4,5,375~4,6,375
8,8,262~8,9,262
3,5,189~4,5,189
1,0,64~1,2,64
2,0,22~2,0,24
0,0,36~1,0,36
4,5,52~4,7,52
7,3,272~7,5,272
4,0,16~6,0,16
1,0,292~1,2,292
2,6,213~4,6,213
0,2,101~3,2,101
8,6,82~8,8,82
7,1,232~9,1,232
2,1,123~4,1,123
0,3,325~0,5,325
0,1,19~0,4,19
1,7,331~1,9,331
1,2,96~1,2,98
9,3,80~9,3,80
0,3,110~0,3,111
6,0,179~6,2,179
4,6,160~6,6,160
1,5,94~1,7,94
8,4,26~9,4,26
2,8,45~4,8,45
3,1,286~3,5,286
6,3,220~8,3,220
2,9,120~2,9,122
2,2,355~2,2,358
1,4,132~3,4,132
2,5,40~2,8,40
5,0,48~9,0,48
7,6,144~7,7,144
4,4,22~4,6,22
7,1,211~7,3,211
5,3,72~5,5,72
5,7,146~5,9,146
4,9,108~5,9,108
7,9,7~9,9,7
8,2,314~9,2,314
8,6,322~8,7,322
6,0,207~6,3,207
2,8,170~4,8,170
3,3,258~3,3,260
8,2,35~8,3,35
0,3,280~2,3,280
6,0,219~6,2,219
2,7,184~5,7,184
2,6,348~5,6,348
7,4,317~7,6,317
6,5,211~8,5,211
6,4,203~8,4,203
6,9,6~6,9,8
3,6,282~3,6,284
0,9,184~2,9,184
1,2,13~4,2,13
2,6,49~5,6,49
0,4,212~0,6,212
0,1,106~2,1,106
1,8,293~1,9,293
4,0,325~4,3,325
6,7,230~6,9,230
0,0,117~2,0,117
0,5,139~0,6,139
5,1,171~8,1,171
6,8,255~6,8,258
2,3,72~2,4,72
3,5,243~4,5,243
3,8,137~3,8,139
1,6,140~1,6,142
5,8,240~7,8,240
0,6,246~2,6,246
2,1,132~2,1,134
9,7,299~9,9,299
2,1,197~2,3,197
6,6,350~6,8,350
5,3,32~8,3,32
6,4,127~8,4,127
3,9,323~4,9,323
0,6,323~2,6,323
7,7,47~9,7,47
8,5,135~8,7,135
4,8,108~6,8,108
1,4,194~2,4,194
9,3,303~9,6,303
5,1,272~5,4,272
3,6,172~3,8,172
9,5,340~9,5,341
1,3,154~1,5,154
2,0,330~2,2,330
0,4,317~0,7,317
3,7,106~3,7,109
0,8,175~3,8,175
7,1,173~9,1,173
2,7,178~2,9,178
5,0,320~5,1,320
2,8,368~2,9,368
3,0,275~3,0,276
2,4,44~2,4,46
1,7,9~3,7,9
2,3,74~2,5,74
1,1,127~1,2,127
7,1,103~9,1,103
5,4,313~7,4,313
9,5,240~9,7,240
0,4,248~1,4,248
4,3,286~4,3,289
0,7,229~2,7,229
6,4,98~6,5,98
0,4,222~3,4,222
2,6,364~4,6,364
0,7,136~0,9,136
3,2,237~3,3,237
2,9,307~4,9,307
6,7,19~9,7,19
2,5,342~5,5,342
1,7,305~2,7,305
7,2,171~9,2,171
4,2,55~4,5,55
2,8,157~5,8,157
2,7,133~3,7,133
2,4,295~2,5,295
7,3,206~7,5,206
5,8,28~8,8,28
5,7,131~5,8,131
5,2,89~5,4,89
3,6,304~6,6,304
2,6,82~2,7,82
6,7,35~9,7,35
7,5,63~7,6,63
1,8,152~4,8,152
5,2,37~5,2,40
6,2,152~6,4,152
6,8,353~9,8,353
1,1,199~1,1,199
0,3,118~2,3,118
2,0,87~2,2,87
3,4,82~3,5,82
7,2,125~9,2,125
3,0,149~3,0,151
4,2,168~6,2,168
5,9,238~7,9,238
5,3,92~5,5,92
7,2,323~7,5,323
7,6,239~9,6,239
8,6,134~8,9,134
2,7,237~6,7,237
2,6,133~4,6,133
3,4,51~3,6,51
0,5,297~2,5,297
8,2,187~8,4,187
0,0,35~0,2,35
2,0,154~2,0,157
5,7,261~7,7,261
5,9,137~6,9,137
0,0,154~0,0,155
6,2,37~8,2,37
5,7,16~7,7,16
6,0,106~9,0,106
9,1,220~9,2,220
7,1,275~8,1,275
6,0,56~8,0,56
5,6,309~6,6,309
6,8,309~8,8,309
3,8,312~5,8,312
4,0,130~6,0,130
0,6,112~0,8,112
3,5,125~5,5,125
3,6,329~5,6,329
1,3,75~1,6,75
1,5,268~1,5,269
0,7,26~3,7,26
7,6,7~7,8,7
2,5,312~3,5,312
6,0,166~6,3,166
8,6,242~9,6,242
6,7,265~8,7,265
5,5,252~5,7,252
6,4,233~6,6,233
6,3,174~8,3,174
6,2,135~6,2,136
2,3,292~2,6,292
8,0,51~9,0,51
9,0,319~9,3,319
6,3,332~9,3,332
7,6,111~7,6,112
9,6,207~9,8,207
6,6,138~6,6,139
2,3,93~5,3,93
0,4,233~1,4,233
0,8,217~0,9,217
3,2,224~5,2,224
5,7,105~7,7,105
6,7,183~6,8,183
1,6,177~1,8,177